time count
0 317
1 370
2 337
3 334
4 351
5 315
6 337
7 345
8 309
9 314
10 330
11 325
12 309
13 311
14 292
15 282
16 285
17 301
18 275
19 261
20 273
21 241
22 289
23 250
24 234
25 287
26 254
27 260
28 264
29 255
30 275
31 275
32 244
33 238
34 230
35 271
36 236
37 231
38 241
39 232
40 217
41 205
42 196
43 198
44 206
45 200
46 211
47 222
48 185
49 222
50 215
51 215
52 224
53 179
54 224
55 210
56 197
57 204
58 205
59 216
60 172
61 176
62 190
63 179
64 182
65 173
66 176
67 183
68 157
69 145
70 166
71 146
72 152
73 182
74 167
75 172
76 141
77 191
78 175
79 190
80 171
81 164
82 175
83 166
84 175
85 156
86 150
87 167
88 140
89 138
90 164
91 186
92 151
93 133
94 161
95 167
96 150
97 161
98 162
99 131
100 178
101 139
102 154
103 159
104 153
105 152
106 156
107 158
108 148
109 144
110 166
111 131
112 144
113 135
114 139
115 123
116 133
117 139
118 156
119 164
120 142
121 141
122 145
123 138
124 140
125 146
126 126
127 148
128 116
129 140
130 112
131 127
132 133
133 111
134 125
135 136
136 118
137 137
138 146
139 108
140 104
141 117
142 109
143 117
144 94
145 118
146 108
147 112
148 101
149 119
150 102
151 93
152 101
153 104
154 109
155 105
156 100
157 110
158 117
159 109
160 101
161 117
162 92
163 102
164 99
165 91
166 75
167 89
168 97
169 103
170 116
171 98
172 91
173 81
174 93
175 90
176 81
177 85
178 92
179 83
180 103
181 82
182 70
183 79
184 84
185 76
186 80
187 77
188 62
189 81
190 75
191 78
192 71
193 84
194 82
195 101
196 102
197 94
198 81
199 79
200 61
201 73
202 56
203 68
204 76
205 64
206 50
207 54
208 62
209 47
210 57
211 43
212 66
213 51
214 40
215 47
216 42
217 45
218 47
219 47
220 59
221 43
222 43
223 42
224 37
225 45
226 32
227 40
228 27
229 32
230 29
231 19
232 38
233 35
234 29
235 32
236 24
237 26
238 42
239 28
240 23
241 23
242 24
243 22
244 36
245 25
246 20
247 32
248 39
249 38
250 32
251 42
252 43
253 43
254 28
255 24
256 29
257 17
258 16
259 26
260 23
261 20
262 24
263 36
264 24
265 28
266 30
267 27
268 33
269 33
270 27
271 33
272 27
273 34
274 26
275 35
276 20
277 39
278 36
279 44
280 30
281 28
282 19
283 30
284 33
285 24
286 37
287 39
288 24
289 40
290 38
291 26
292 31
293 30
294 30
295 24
296 30
297 34
298 36
299 34
300 30
301 40
302 34
303 42
304 46
305 39
306 39
307 41
308 34
309 48
310 45
311 42
312 45
313 52
314 50
315 61
316 69
317 63
318 58
319 75
320 70
321 83
322 82
323 89
324 57
325 66
326 80
327 71
328 58
329 74
330 66
331 55
332 71
333 57
334 65
335 90
336 93
337 106
338 94
339 70
340 106
341 99
342 112
343 118
344 100
345 123
346 128
347 115
348 119
349 119
350 147
351 134
352 154
353 150
354 183
355 159
356 196
357 149
358 129
359 146
360 157
361 152
362 162
363 162
364 179
365 163
366 166
367 170
368 195
369 176
370 192
371 175
372 223
373 202
374 210
375 251
376 202
377 224
378 208
379 261
380 251
381 290
382 274
383 285
384 294
385 337
386 393
387 359
388 426
389 404
390 429
391 374
392 382
393 344
394 333
395 354
396 331
397 395
398 375
399 378
400 428
401 439
402 493
403 536
404 564
405 546
406 491
407 511
408 535
409 533
410 490
411 533
412 491
413 455
414 452
415 462
416 451
417 488
418 485
419 503
420 493
421 512
422 475
423 489
424 514
425 538
426 531
427 557
428 598
429 645
430 682
431 721
432 679
433 731
434 732
435 793
436 764
437 745
438 722
439 736
440 761
441 811
442 850
443 884
444 860
445 871
446 866
447 916
448 967
449 879
450 942
451 1025
452 984
453 1028
454 1038
455 1009
456 1027
457 1030
458 1199
459 1054
460 1144
461 1138
462 1139
463 1136
464 1172
465 1192
466 1220
467 1303
468 1318
469 1385
470 1246
471 1296
472 1257
473 1210
474 1312
475 1307
476 1316
477 1308
478 1269
479 1295
480 1281
481 1273
482 1284
483 1351
484 1401
485 1428
486 1472
487 1504
488 1548
489 1548
490 1555
491 1659
492 1734
493 1688
494 1693
495 1741
496 1669
497 1730
498 1703
499 1686
500 1713
501 1703
502 1701
503 1621
504 1599
505 1693
506 1643
507 1691
508 1642
509 1618
510 1696
511 1616
512 1574
513 1726
514 1661
515 1619
516 1662
517 1614
518 1617
519 1670
520 1691
521 1642
522 1599
523 1594
524 1640
525 1631
526 1687
527 1629
528 1600
529 1645
530 1509
531 1620
532 1526
533 1526
534 1444
535 1510
536 1424
537 1395
538 1328
539 1326
540 1341
541 1221
542 1273
543 1232
544 1230
545 1204
546 1238
547 1221
548 1192
549 1130
550 1122
551 1176
552 1136
553 1067
554 1123
555 1114
556 1112
557 1107
558 1061
559 1067
560 1127
561 1116
562 1047
563 1046
564 1025
565 990
566 952
567 982
568 924
569 921
570 920
571 884
572 905
573 888
574 858
575 926
576 943
577 908
578 896
579 937
580 937
581 923
582 879
583 897
584 866
585 862
586 832
587 817
588 873
589 868
590 838
591 807
592 876
593 875
594 811
595 793
596 788
597 726
598 748
599 744
600 788
601 760
602 762
603 730
604 723
605 757
606 760
607 774
608 755
609 790
610 774
611 773
612 819
613 779
614 783
615 776
616 731
617 741
618 772
619 739
620 794
621 777
622 754
623 778
624 822
625 764
626 757
627 693
628 711
629 781
630 777
631 777
632 751
633 799
634 798
635 880
636 811
637 807
638 786
639 866
640 794
641 843
642 832
643 804
644 789
645 872
646 803
647 840
648 887
649 836
650 769
651 864
652 864
653 816
654 821
655 826
656 801
657 826
658 785
659 772
660 740
661 846
662 816
663 804
664 802
665 805
666 800
667 807
668 855
669 782
670 809
671 849
672 896
673 846
674 873
675 783
676 869
677 884
678 857
679 886
680 893
681 826
682 924
683 923
684 864
685 900
686 927
687 873
688 862
689 939
690 892
691 915
692 840
693 943
694 959
695 1016
696 972
697 1003
698 1005
699 1026
700 965
701 1031
702 1013
703 1129
704 1022
705 1057
706 1033
707 1091
708 1100
709 1073
710 1184
711 1064
712 1092
713 1080
714 1102
715 1050
716 1072
717 1076
718 1063
719 1096
720 1029
721 1081
722 1111
723 1055
724 1097
725 1141
726 1097
727 1107
728 1139
729 1085
730 1144
731 1067
732 1147
733 1180
734 1138
735 1125
736 1116
737 1169
738 1100
739 1231
740 1162
741 1220
742 1211
743 1165
744 1137
745 1157
746 1176
747 1117
748 1123
749 1107
750 1138
751 1163
752 1167
753 1180
754 1164
755 1164
756 1141
757 1222
758 1155
759 1139
760 1145
761 1160
762 1173
763 1237
764 1098
765 1185
766 1098
767 1186
768 1243
769 1207
770 1197
771 1200
772 1221
773 1188
774 1286
775 1165
776 1142
777 1144
778 1164
779 1097
780 1189
781 1099
782 1124
783 1207
784 1143
785 1130
786 1195
787 1136
788 1241
789 1229
790 1222
791 1231
792 1125
793 1187
794 1133
795 1177
796 1141
797 1160
798 1137
799 1143
800 1159
801 1236
802 1140
803 1058
804 1140
805 1030
806 1217
807 1119
808 1207
809 1150
810 1053
811 1090
812 1149
813 1172
814 1172
815 1226
816 1130
817 1153
818 1142
819 1198
820 1195
821 1177
822 1225
823 1222
824 1170
825 1209
826 1163
827 1160
828 1167
829 1138
830 1134
831 1116
832 1085
833 1125
834 1133
835 1041
836 1112
837 1107
838 1124
839 1136
840 1102
841 1160
842 1061
843 1137
844 1064
845 1178
846 1136
847 1021
848 1102
849 1072
850 1097
851 1123
852 1074
853 1065
854 1145
855 1055
856 1141
857 1123
858 1078
859 1069
860 1086
861 1055
862 1028
863 1088
864 1143
865 1067
866 1072
867 1105
868 1075
869 1007
870 1087
871 1044
872 1106
873 1191
874 1094
875 1098
876 1121
877 1252
878 1160
879 1121
880 1140
881 1200
882 1096
883 1186
884 1128
885 1167
886 1139
887 1162
888 1107
889 1120
890 1071
891 1112
892 1084
893 1102
894 1119
895 1127
896 1110
897 1128
898 1010
899 1068
900 1099
901 1136
902 1117
903 1059
904 1107
905 1100
906 1091
907 1133
908 1064
909 1138
910 1120
911 1101
912 1105
913 1112
914 1054
915 1133
916 1157
917 1126
918 1178
919 1122
920 1134
921 1139
922 1107
923 1053
924 1111
925 1154
926 1141
927 1085
928 1160
929 1082
930 1092
931 1073
932 1103
933 1148
934 1189
935 1104
936 1188
937 1198
938 1211
939 1220
940 1120
941 1182
942 1120
943 1153
944 1175
945 1201
946 1230
947 1191
948 1184
949 1149
950 1215
951 1167
952 1144
953 1191
954 1122
955 1189
956 1195
957 1165
958 1231
959 1194
960 1196
961 1264
962 1209
963 1304
964 1317
965 1359
966 1237
967 1277
968 1327
969 1343
970 1329
971 1325
972 1250
973 1376
974 1295
975 1381
976 1323
977 1359
978 1382
979 1343
980 1331
981 1431
982 1247
983 1301
984 1345
985 1341
986 1337
987 1350
988 1368
989 1290
990 1307
991 1401
992 1351
993 1450
994 1368
995 1447
996 1458
997 1481
998 1520
999 1522
1000 1482
1001 1480
1002 1549
1003 1457
1004 1442
1005 1497
1006 1582
1007 1559
1008 1600
1009 1573
1010 1585
1011 1581
1012 1631
1013 1656
1014 1681
1015 1580
1016 1718
1017 1647
1018 1686
1019 1684
1020 1761
1021 1661
1022 1746
1023 1924
1024 1967
1025 2028
1026 2144
1027 2118
1028 2168
1029 2112
1030 2183
1031 2093
1032 2111
1033 2080
1034 2105
1035 2158
1036 2141
1037 2062
1038 2053
1039 2073
1040 2222
1041 2115
1042 2011
1043 1994
1044 2049
1045 2042
1046 2021
1047 2032
1048 2083
1049 2096
1050 2159
1051 2173
1052 2149
1053 2322
1054 2201
1055 2183
1056 2255
1057 2289
1058 2387
1059 2250
1060 2303
1061 2326
1062 2188
1063 2211
1064 2230
1065 2172
1066 2224
1067 2245
1068 2312
1069 2269
1070 2213
1071 2135
1072 2111
1073 2096
1074 2146
1075 2162
1076 2132
1077 2091
1078 2124
1079 2076
1080 2062
1081 2128
1082 2158
1083 2167
1084 2147
1085 2138
1086 2257
1087 2099
1088 2188
1089 2169
1090 2173
1091 2149
1092 2134
1093 2038
1094 2059
1095 2149
1096 2135
1097 2159
1098 2042
1099 2091
1100 2004
1101 2042
1102 2070
1103 2126
1104 2061
1105 2028
1106 1920
1107 1938
1108 1893
1109 1976
1110 1950
1111 1907
1112 1969
1113 1917
1114 1868
1115 1958
1116 1853
1117 1950
1118 1871
1119 1858
1120 1757
1121 1842
1122 1841
1123 1836
1124 1922
1125 1817
1126 1813
1127 1883
1128 1703
1129 1763
1130 1685
1131 1755
1132 1826
1133 1701
1134 1675
1135 1689
1136 1674
1137 1612
1138 1587
1139 1634
1140 1572
1141 1651
1142 1627
1143 1625
1144 1599
1145 1605
1146 1654
1147 1621
1148 1597
1149 1555
1150 1548
1151 1570
1152 1486
1153 1556
1154 1483
1155 1444
1156 1575
1157 1567
1158 1482
1159 1566
1160 1523
1161 1502
1162 1479
1163 1557
1164 1508
1165 1473
1166 1468
1167 1520
1168 1384
1169 1418
1170 1444
1171 1442
1172 1374
1173 1385
1174 1378
1175 1365
1176 1347
1177 1275
1178 1385
1179 1438
1180 1337
1181 1332
1182 1338
1183 1263
1184 1246
1185 1295
1186 1261
1187 1263
1188 1333
1189 1305
1190 1258
1191 1277
1192 1282
1193 1239
1194 1210
1195 1230
1196 1264
1197 1279
1198 1266
1199 1291
1200 1252
1201 1218
1202 1234
1203 1212
1204 1238
1205 1180
1206 1210
1207 1151
1208 1246
1209 1171
1210 1157
1211 1127
1212 1191
1213 1220
1214 1153
1215 1167
1216 1122
1217 1141
1218 1057
1219 1156
1220 1110
1221 1070
1222 1066
1223 1019
1224 1021
1225 1048
1226 1092
1227 1024
1228 1002
1229 1040
1230 1042
1231 1018
1232 1017
1233 981
1234 1016
1235 994
1236 954
1237 991
1238 999
1239 1039
1240 954
1241 939
1242 890
1243 1014
1244 989
1245 958
1246 929
1247 930
1248 973
1249 883
1250 972
1251 957
1252 926
1253 880
1254 826
1255 860
1256 902
1257 933
1258 917
1259 939
1260 853
1261 909
1262 856
1263 887
1264 964
1265 916
1266 912
1267 913
1268 868
1269 835
1270 900
1271 813
1272 927
1273 841
1274 865
1275 834
1276 862
1277 855
1278 836
1279 786
1280 826
1281 816
1282 864
1283 808
1284 817
1285 842
1286 825
1287 776
1288 827
1289 827
1290 808
1291 785
1292 810
1293 801
1294 846
1295 739
1296 807
1297 754
1298 814
1299 769
1300 757
1301 773
1302 767
1303 780
1304 785
1305 816
1306 734
1307 762
1308 722
1309 740
1310 785
1311 750
1312 765
1313 777
1314 786
1315 751
1316 727
1317 757
1318 746
1319 741
1320 735
1321 744
1322 763
1323 726
1324 762
1325 762
1326 726
1327 773
1328 730
1329 750
1330 728
1331 754
1332 690
1333 686
1334 683
1335 692
1336 726
1337 702
1338 721
1339 678
1340 690
1341 638
1342 675
1343 714
1344 641
1345 606
1346 659
1347 647
1348 612
1349 594
1350 585
1351 622
1352 587
1353 596
1354 583
1355 584
1356 592
1357 553
1358 593
1359 554
1360 575
1361 522
1362 608
1363 543
1364 568
1365 571
1366 549
1367 571
1368 532
1369 556
1370 516
1371 555
1372 497
1373 520
1374 544
1375 520
1376 511
1377 517
1378 514
1379 503
1380 490
1381 491
1382 496
1383 531
1384 537
1385 472
1386 486
1387 491
1388 494
1389 502
1390 510
1391 472
1392 447
1393 500
1394 494
1395 464
1396 443
1397 428
1398 447
1399 455
1400 436
1401 480
1402 427
1403 465
1404 435
1405 423
1406 462
1407 402
1408 432
1409 411
1410 398
1411 385
1412 394
1413 430
1414 453
1415 396
1416 408
1417 412
1418 391
1419 409
1420 386
1421 396
1422 375
1423 393
1424 347
1425 377
1426 350
1427 356
1428 343
1429 360
1430 337
1431 339
1432 326
1433 367
1434 315
1435 353
1436 316
1437 322
1438 341
1439 298
