time count
0 598
1 608
2 623
3 592
4 605
5 614
6 610
7 646
8 567
9 586
10 547
11 589
12 555
13 543
14 534
15 540
16 541
17 533
18 478
19 511
20 539
21 519
22 527
23 492
24 464
25 445
26 466
27 479
28 455
29 463
30 468
31 397
32 441
33 446
34 437
35 451
36 406
37 443
38 412
39 406
40 406
41 400
42 399
43 345
44 389
45 382
46 377
47 357
48 354
49 380
50 358
51 418
52 384
53 372
54 367
55 339
56 360
57 345
58 359
59 353
60 360
61 318
62 349
63 320
64 332
65 369
66 330
67 317
68 323
69 343
70 322
71 328
72 320
73 328
74 291
75 337
76 296
77 297
78 324
79 319
80 298
81 298
82 302
83 287
84 252
85 259
86 306
87 250
88 305
89 277
90 260
91 308
92 271
93 281
94 290
95 311
96 276
97 249
98 283
99 281
100 257
101 243
102 250
103 246
104 233
105 254
106 239
107 257
108 270
109 224
110 264
111 246
112 250
113 213
114 245
115 242
116 232
117 213
118 232
119 261
120 252
121 231
122 238
123 249
124 219
125 241
126 226
127 230
128 213
129 235
130 215
131 213
132 217
133 205
134 177
135 184
136 215
137 182
138 197
139 193
140 186
141 180
142 190
143 161
144 182
145 187
146 182
147 176
148 168
149 193
150 196
151 192
152 178
153 178
154 157
155 169
156 147
157 176
158 190
159 165
160 156
161 150
162 167
163 161
164 186
165 163
166 177
167 164
168 147
169 149
170 163
171 147
172 180
173 169
174 157
175 149
176 139
177 149
178 152
179 147
180 146
181 135
182 124
183 128
184 136
185 128
186 130
187 146
188 107
189 116
190 131
191 114
192 122
193 93
194 100
195 105
196 100
197 106
198 96
199 104
200 93
201 88
202 99
203 90
204 92
205 91
206 79
207 80
208 81
209 85
210 98
211 80
212 72
213 76
214 59
215 68
216 74
217 69
218 77
219 69
220 71
221 60
222 79
223 78
224 58
225 48
226 48
227 75
228 67
229 60
230 58
231 61
232 62
233 84
234 54
235 61
236 55
237 71
238 34
239 58
240 53
241 47
242 43
243 39
244 49
245 48
246 42
247 51
248 48
249 39
250 47
251 43
252 52
253 32
254 34
255 38
256 50
257 40
258 32
259 40
260 40
261 45
262 44
263 43
264 47
265 44
266 43
267 40
268 51
269 46
270 53
271 42
272 61
273 43
274 55
275 47
276 37
277 43
278 58
279 46
280 48
281 52
282 65
283 63
284 63
285 74
286 64
287 60
288 75
289 80
290 70
291 65
292 47
293 75
294 75
295 67
296 74
297 67
298 59
299 76
300 70
301 78
302 59
303 63
304 79
305 84
306 78
307 61
308 79
309 82
310 78
311 86
312 80
313 83
314 97
315 92
316 97
317 107
318 93
319 81
320 73
321 102
322 137
323 138
324 176
325 165
326 159
327 163
328 207
329 208
330 168
331 196
332 161
333 168
334 197
335 202
336 201
337 205
338 217
339 243
340 280
341 293
342 329
343 335
344 340
345 310
346 321
347 308
348 346
349 416
350 341
351 328
352 356
353 351
354 399
355 372
356 407
357 432
358 422
359 448
360 450
361 557
362 511
363 422
364 406
365 418
366 415
367 436
368 413
369 443
370 472
371 439
372 453
373 408
374 442
375 426
376 459
377 473
378 581
379 582
380 616
381 603
382 582
383 614
384 566
385 615
386 572
387 612
388 601
389 649
390 670
391 664
392 710
393 779
394 799
395 860
396 812
397 824
398 839
399 818
400 866
401 835
402 851
403 909
404 957
405 1068
406 1034
407 1032
408 1074
409 970
410 1026
411 1069
412 1040
413 1107
414 1002
415 1045
416 1060
417 1137
418 1061
419 1155
420 1169
421 1063
422 1174
423 1175
424 1184
425 1271
426 1267
427 1360
428 1374
429 1459
430 1551
431 1545
432 1526
433 1479
434 1416
435 1531
436 1461
437 1441
438 1502
439 1544
440 1736
441 1819
442 1777
443 1753
444 1774
445 1802
446 1872
447 1882
448 1895
449 1974
450 1986
451 2171
452 2178
453 2184
454 2262
455 2274
456 2335
457 2378
458 2411
459 2467
460 2408
461 2404
462 2511
463 2632
464 2544
465 2649
466 2682
467 2683
468 2896
469 2749
470 2879
471 2962
472 2943
473 3020
474 2948
475 3048
476 2988
477 2978
478 2903
479 2881
480 2908
481 2980
482 3073
483 3275
484 3203
485 3393
486 3394
487 3342
488 3376
489 3447
490 3476
491 3507
492 3672
493 3748
494 3810
495 3730
496 3712
497 3765
498 3861
499 3676
500 3666
501 3685
502 3579
503 3690
504 3515
505 3549
506 3632
507 3470
508 3536
509 3535
510 3523
511 3573
512 3488
513 3532
514 3600
515 3554
516 3627
517 3548
518 3517
519 3428
520 3544
521 3564
522 3536
523 3464
524 3619
525 3604
526 3581
527 3530
528 3450
529 3455
530 3319
531 3406
532 3129
533 3173
534 3030
535 2946
536 2941
537 2881
538 2732
539 2708
540 2727
541 2724
542 2634
543 2608
544 2505
545 2432
546 2489
547 2414
548 2336
549 2390
550 2249
551 2389
552 2295
553 2351
554 2379
555 2233
556 2304
557 2287
558 2296
559 2250
560 2287
561 2214
562 2171
563 2058
564 2030
565 2069
566 1939
567 1919
568 1933
569 1876
570 1847
571 1775
572 1811
573 1843
574 1851
575 1832
576 1839
577 1847
578 1794
579 1837
580 1865
581 1870
582 1879
583 1863
584 1821
585 1770
586 1862
587 1882
588 1842
589 1799
590 1791
591 1754
592 1729
593 1773
594 1731
595 1655
596 1639
597 1662
598 1579
599 1594
600 1657
601 1532
602 1569
603 1589
604 1557
605 1587
606 1659
607 1632
608 1697
609 1630
610 1633
611 1721
612 1501
613 1617
614 1601
615 1619
616 1776
617 1677
618 1728
619 1650
620 1646
621 1790
622 1622
623 1597
624 1750
625 1599
626 1678
627 1597
628 1652
629 1637
630 1668
631 1675
632 1731
633 1695
634 1686
635 1695
636 1673
637 1652
638 1636
639 1676
640 1727
641 1634
642 1764
643 1664
644 1773
645 1717
646 1739
647 1759
648 1862
649 1859
650 1846
651 1775
652 1902
653 1739
654 1732
655 1770
656 1685
657 1770
658 1654
659 1739
660 1775
661 1695
662 1673
663 1668
664 1705
665 1761
666 1768
667 1793
668 1803
669 1764
670 1702
671 1791
672 1782
673 1882
674 1744
675 1867
676 1933
677 1867
678 1795
679 1795
680 1898
681 1877
682 1932
683 1958
684 1933
685 1921
686 1892
687 1891
688 1993
689 1890
690 1992
691 2019
692 2023
693 1971
694 2039
695 2123
696 2075
697 2080
698 2075
699 2214
700 2202
701 2091
702 2366
703 2277
704 2292
705 2237
706 2300
707 2339
708 2359
709 2419
710 2271
711 2366
712 2231
713 2413
714 2319
715 2293
716 2315
717 2296
718 2221
719 2267
720 2224
721 2302
722 2372
723 2295
724 2237
725 2336
726 2337
727 2253
728 2352
729 2341
730 2367
731 2427
732 2392
733 2348
734 2395
735 2410
736 2457
737 2408
738 2462
739 2431
740 2536
741 2411
742 2530
743 2501
744 2554
745 2447
746 2395
747 2465
748 2399
749 2480
750 2420
751 2413
752 2397
753 2461
754 2438
755 2504
756 2448
757 2384
758 2387
759 2387
760 2389
761 2408
762 2434
763 2579
764 2537
765 2517
766 2492
767 2558
768 2619
769 2479
770 2561
771 2624
772 2528
773 2549
774 2500
775 2556
776 2516
777 2489
778 2426
779 2391
780 2369
781 2402
782 2427
783 2426
784 2421
785 2542
786 2481
787 2473
788 2468
789 2477
790 2413
791 2421
792 2497
793 2512
794 2500
795 2455
796 2519
797 2582
798 2608
799 2477
800 2509
801 2471
802 2444
803 2523
804 2413
805 2489
806 2329
807 2387
808 2531
809 2399
810 2417
811 2392
812 2347
813 2379
814 2425
815 2446
816 2430
817 2403
818 2388
819 2482
820 2372
821 2434
822 2450
823 2494
824 2497
825 2450
826 2502
827 2432
828 2486
829 2544
830 2350
831 2513
832 2440
833 2451
834 2360
835 2367
836 2403
837 2489
838 2519
839 2424
840 2500
841 2484
842 2411
843 2366
844 2349
845 2363
846 2265
847 2340
848 2364
849 2359
850 2363
851 2406
852 2362
853 2390
854 2454
855 2374
856 2405
857 2368
858 2432
859 2338
860 2367
861 2353
862 2346
863 2269
864 2322
865 2339
866 2444
867 2313
868 2422
869 2211
870 2306
871 2351
872 2325
873 2349
874 2390
875 2297
876 2306
877 2366
878 2373
879 2348
880 2368
881 2403
882 2356
883 2374
884 2327
885 2352
886 2464
887 2302
888 2453
889 2441
890 2489
891 2397
892 2350
893 2422
894 2298
895 2402
896 2303
897 2437
898 2364
899 2342
900 2274
901 2412
902 2364
903 2391
904 2413
905 2380
906 2457
907 2511
908 2357
909 2403
910 2392
911 2365
912 2404
913 2368
914 2363
915 2444
916 2449
917 2427
918 2437
919 2432
920 2475
921 2531
922 2407
923 2376
924 2483
925 2533
926 2435
927 2422
928 2443
929 2371
930 2486
931 2444
932 2482
933 2527
934 2521
935 2555
936 2615
937 2523
938 2525
939 2563
940 2605
941 2552
942 2559
943 2555
944 2595
945 2570
946 2708
947 2641
948 2726
949 2655
950 2713
951 2601
952 2683
953 2645
954 2640
955 2554
956 2603
957 2671
958 2771
959 2718
960 2723
961 2765
962 2807
963 2862
964 2962
965 2836
966 2837
967 2942
968 2848
969 2785
970 2860
971 2761
972 2708
973 2842
974 2741
975 2786
976 2797
977 2875
978 2905
979 2874
980 3003
981 2799
982 2928
983 2829
984 2831
985 3002
986 2774
987 2861
988 2854
989 2882
990 2862
991 2962
992 3007
993 3007
994 3123
995 3080
996 3303
997 3106
998 3077
999 3146
1000 3175
1001 3156
1002 3248
1003 3194
1004 3167
1005 3152
1006 3322
1007 3234
1008 3417
1009 3365
1010 3294
1011 3340
1012 3368
1013 3433
1014 3445
1015 3496
1016 3556
1017 3551
1018 3568
1019 3695
1020 3625
1021 3746
1022 3890
1023 3897
1024 3969
1025 4243
1026 4216
1027 4288
1028 4324
1029 4352
1030 4271
1031 4332
1032 4484
1033 4407
1034 4332
1035 4310
1036 4291
1037 4152
1038 4224
1039 4344
1040 4365
1041 4356
1042 4427
1043 4426
1044 4462
1045 4284
1046 4161
1047 4265
1048 4275
1049 4375
1050 4458
1051 4636
1052 4720
1053 4673
1054 4946
1055 4972
1056 5052
1057 4945
1058 4845
1059 4811
1060 4724
1061 4762
1062 4916
1063 4742
1064 4691
1065 4539
1066 4798
1067 4653
1068 4511
1069 4619
1070 4505
1071 4549
1072 4493
1073 4432
1074 4425
1075 4369
1076 4614
1077 4455
1078 4411
1079 4516
1080 4458
1081 4480
1082 4444
1083 4329
1084 4612
1085 4544
1086 4644
1087 4649
1088 4591
1089 4664
1090 4637
1091 4491
1092 4556
1093 4469
1094 4357
1095 4378
1096 4445
1097 4345
1098 4350
1099 4277
1100 4356
1101 4349
1102 4245
1103 4263
1104 4323
1105 4233
1106 4072
1107 4121
1108 4037
1109 4045
1110 3935
1111 3696
1112 3886
1113 3881
1114 3965
1115 3993
1116 3973
1117 3857
1118 3808
1119 3862
1120 3788
1121 3811
1122 3678
1123 3763
1124 3622
1125 3698
1126 3610
1127 3639
1128 3544
1129 3534
1130 3614
1131 3441
1132 3553
1133 3424
1134 3481
1135 3270
1136 3247
1137 3297
1138 3253
1139 3268
1140 3207
1141 3321
1142 3262
1143 3262
1144 3304
1145 3338
1146 3370
1147 3328
1148 3131
1149 3234
1150 3149
1151 3192
1152 3186
1153 3047
1154 3103
1155 3112
1156 3066
1157 3084
1158 3050
1159 3035
1160 3150
1161 2993
1162 3028
1163 3024
1164 3012
1165 3061
1166 2895
1167 3012
1168 2931
1169 2850
1170 2797
1171 2955
1172 2835
1173 2824
1174 2791
1175 2933
1176 2984
1177 2739
1178 2685
1179 2639
1180 2842
1181 2674
1182 2647
1183 2665
1184 2719
1185 2618
1186 2621
1187 2538
1188 2622
1189 2632
1190 2638
1191 2615
1192 2591
1193 2469
1194 2594
1195 2585
1196 2470
1197 2558
1198 2459
1199 2409
1200 2408
1201 2443
1202 2383
1203 2448
1204 2454
1205 2456
1206 2393
1207 2434
1208 2326
1209 2317
1210 2289
1211 2378
1212 2271
1213 2243
1214 2279
1215 2261
1216 2259
1217 2218
1218 2088
1219 2250
1220 2153
1221 2169
1222 2183
1223 2137
1224 2131
1225 2186
1226 2107
1227 2104
1228 2154
1229 2118
1230 2008
1231 1929
1232 1965
1233 2010
1234 2024
1235 2014
1236 1919
1237 1926
1238 1976
1239 1937
1240 1941
1241 1910
1242 1902
1243 1845
1244 1901
1245 1934
1246 1829
1247 1731
1248 1857
1249 1917
1250 1854
1251 1805
1252 1826
1253 1830
1254 1764
1255 1734
1256 1806
1257 1690
1258 1734
1259 1728
1260 1714
1261 1766
1262 1718
1263 1703
1264 1673
1265 1759
1266 1732
1267 1839
1268 1743
1269 1751
1270 1761
1271 1777
1272 1718
1273 1664
1274 1675
1275 1667
1276 1647
1277 1651
1278 1606
1279 1652
1280 1610
1281 1674
1282 1669
1283 1625
1284 1631
1285 1612
1286 1606
1287 1568
1288 1606
1289 1592
1290 1517
1291 1575
1292 1573
1293 1551
1294 1570
1295 1582
1296 1602
1297 1678
1298 1598
1299 1500
1300 1500
1301 1561
1302 1559
1303 1510
1304 1504
1305 1492
1306 1475
1307 1393
1308 1449
1309 1390
1310 1391
1311 1448
1312 1511
1313 1472
1314 1398
1315 1422
1316 1515
1317 1401
1318 1430
1319 1410
1320 1392
1321 1384
1322 1353
1323 1345
1324 1400
1325 1391
1326 1346
1327 1493
1328 1375
1329 1506
1330 1384
1331 1322
1332 1343
1333 1350
1334 1295
1335 1303
1336 1323
1337 1307
1338 1236
1339 1292
1340 1202
1341 1233
1342 1233
1343 1254
1344 1207
1345 1242
1346 1223
1347 1206
1348 1155
1349 1152
1350 1170
1351 1143
1352 1132
1353 1104
1354 1147
1355 1146
1356 1184
1357 1081
1358 1103
1359 1133
1360 1074
1361 1122
1362 1146
1363 1104
1364 1059
1365 1051
1366 1062
1367 1025
1368 1026
1369 1024
1370 968
1371 998
1372 954
1373 941
1374 945
1375 989
1376 989
1377 940
1378 948
1379 996
1380 972
1381 935
1382 956
1383 946
1384 948
1385 938
1386 962
1387 977
1388 914
1389 877
1390 911
1391 837
1392 923
1393 895
1394 917
1395 858
1396 816
1397 832
1398 870
1399 854
1400 860
1401 798
1402 771
1403 786
1404 865
1405 770
1406 808
1407 799
1408 724
1409 721
1410 759
1411 718
1412 795
1413 840
1414 716
1415 759
1416 744
1417 699
1418 731
1419 732
1420 683
1421 702
1422 712
1423 745
1424 632
1425 689
1426 664
1427 645
1428 650
1429 633
1430 617
1431 634
1432 707
1433 606
1434 637
1435 665
1436 648
1437 631
1438 604
1439 596
